10
4.617
0 1 81.86 0.146
0 2 68.905 0.564
0 3 78.829 0.539
0 4 46.369 0.718
0 5 57.565 0.795
0 6 76.604 0.538
0 7 50.41 0.447
0 8 74.743 0.612
0 9 75.685 0.549
1 2 75.204 0.473
1 3 67.504 0.669
1 4 40.093 0.728
1 5 48.626 0.649
1 6 69.941 0.206
1 7 76.291 0.612
1 8 51.009 0.702
1 9 68.456 0.704
2 3 81.097 0.498
2 4 41.837 0.664
2 5 78.439 0.592
2 6 66.524 0.582
2 7 68.787 0.733
2 8 73.893 0.833
2 9 53.155 0.494
3 4 57.849 0.839
3 5 60.815 0.757
3 6 44.172 0.618
3 7 66.874 0.701
3 8 59.243 0.718
3 9 78.362 0.859
4 5 50.631 0.785
4 6 55.941 0.577
4 7 40.187 0.652
4 8 90.946 0.443
4 9 50.283 0.682
5 6 52.171 0.587
5 7 99.038 0.142
5 8 47.306 0.857
5 9 62.13 0.494
6 7 40.41 0.758
6 8 57.835 0.466
6 9 41.402 0.528
7 8 63.681 0.779
7 9 73.484 0.331
8 9 59.67 0.661