20
43.716
0 1 51.709 0.594
0 2 41.947 0.686
0 3 63.828 0.322
0 4 63.881 0.571
0 5 63.561 0.219
0 6 67.151 0.716
0 7 81.186 0.583
0 8 78.083 0.516
0 9 43.715 0.854
0 10 67.172 0.653
0 11 53.014 0.445
0 12 63.591 0.867
0 13 89.864 0.32
0 14 62.96 0.346
0 15 60.907 0.206
0 16 77.904 0.579
0 17 64.197 0.294
0 18 59.863 0.809
0 19 52.267 0.62
1 2 82.91 0.253
1 3 44.915 0.816
1 4 43.513 0.472
1 5 64.043 0.725
1 6 87.506 0.294
1 7 61.192 0.689
1 8 60.275 0.605
1 9 90.724 0.232
1 10 56.649 0.717
1 11 86.407 0.305
1 12 99.251 0.435
1 13 40.051 0.471
1 14 52.528 0.641
1 15 69.819 0.509
1 16 75.049 0.431
1 17 55.877 0.615
1 18 78.498 0.535
1 19 99.953 0.515
2 3 63.769 0.495
2 4 50.265 0.595
2 5 42.143 0.433
2 6 73.638 0.248
2 7 60.347 0.794
2 8 42.12 0.734
2 9 94.536 0.576
2 10 52.161 0.544
2 11 61.081 0.506
2 12 64.352 0.536
2 13 69.41 0.706
2 14 41.305 0.683
2 15 40.124 0.609
2 16 68.492 0.568
2 17 62.772 0.527
2 18 76.739 0.233
2 19 60.411 0.476
3 4 55.889 0.531
3 5 91.892 0.572
3 6 53.32 0.63
3 7 79.645 0.599
3 8 76.278 0.453
3 9 74.891 0.796
3 10 73.539 0.631
3 11 48.533 0.447
3 12 77.429 0.637
3 13 95.687 0.325
3 14 96.741 0.469
3 15 76.826 0.309
3 16 52.575 0.483
3 17 73.86 0.56
3 18 61.65 0.673
3 19 44.996 0.411
4 5 53.471 0.732
4 6 74.47 0.766
4 7 69.397 0.494
4 8 67.324 0.625
4 9 67.476 0.776
4 10 72.362 0.563
4 11 78.719 0.837
4 12 41.411 0.653
4 13 77.87 0.485
4 14 58.905 0.76
4 15 71.412 0.691
4 16 77.696 0.716
4 17 62.445 0.467
4 18 51.723 0.792
4 19 49.218 0.467
5 6 76.582 0.681
5 7 72.482 0.313
5 8 95.226 0.374
5 9 53.229 0.756
5 10 70.162 0.802
5 11 72.925 0.625
5 12 50.746 0.602
5 13 70.975 0.285
5 14 87.006 0.29
5 15 73.859 0.339
5 16 77.454 0.406
5 17 72.179 0.489
5 18 51.863 0.551
5 19 70.972 0.519
6 7 42.324 0.499
6 8 45.734 0.894
6 9 83.672 0.423
6 10 48.472 0.574
6 11 81.362 0.219
6 12 65.581 0.353
6 13 45.54 0.793
6 14 73.66 0.89
6 15 43.883 0.706
6 16 83.004 0.256
6 17 68.925 0.475
6 18 77.162 0.582
6 19 82.238 0.52
7 8 89.767 0.325
7 9 79.801 0.595
7 10 45.159 0.644
7 11 54.498 0.404
7 12 74.784 0.896
7 13 68.557 0.562
7 14 74.817 0.503
7 15 85.078 0.497
7 16 57.812 0.852
7 17 92.096 0.463
7 18 59.349 0.431
7 19 66.484 0.611
8 9 55.824 0.828
8 10 51.083 0.8
8 11 71.367 0.551
8 12 55.352 0.779
8 13 66.272 0.239
8 14 64.073 0.5
8 15 68.072 0.204
8 16 59.636 0.759
8 17 85.817 0.299
8 18 68.792 0.85
8 19 65.838 0.545
9 10 55.862 0.662
9 11 79.238 0.589
9 12 86.349 0.459
9 13 77.573 0.576
9 14 48.104 0.746
9 15 50.774 0.506
9 16 64.545 0.514
9 17 64.012 0.462
9 18 89.608 0.399
9 19 83.14 0.465
10 11 44.632 0.486
10 12 56.502 0.597
10 13 50.137 0.851
10 14 52.555 0.572
10 15 45.441 0.549
10 16 46.291 0.677
10 17 69.685 0.795
10 18 67.399 0.518
10 19 69.283 0.877
11 12 69.344 0.406
11 13 53.119 0.788
11 14 79.116 0.545
11 15 43.727 0.477
11 16 64.936 0.208
11 17 65.422 0.617
11 18 93.258 0.344
11 19 60.129 0.207
12 13 56.901 0.541
12 14 77.384 0.432
12 15 64.158 0.47
12 16 74.678 0.329
12 17 72.814 0.522
12 18 66.103 0.371
12 19 78.19 0.285
13 14 82.89 0.577
13 15 60.456 0.207
13 16 53.901 0.478
13 17 90.646 0.296
13 18 68.874 0.669
13 19 73.996 0.846
14 15 74.319 0.431
14 16 51.64 0.546
14 17 66.889 0.557
14 18 55.159 0.663
14 19 48.437 0.416
15 16 48.492 0.478
15 17 67.149 0.385
15 18 55.042 0.704
15 19 56.512 0.791
16 17 43.896 0.699
16 18 78.753 0.597
16 19 96.551 0.294
17 18 43.739 0.642
17 19 72.383 0.618
18 19 78.266 0.346