10
83.61651493477427
0 1 83.52129554233105 97.87585417291265
0 2 53.74276295622432 20.962332169128906
0 3 97.07326652445913 19.471500533558306
0 4 51.89597282739575 75.02984841741596
0 5 89.69606134260857 6.654031348733702
0 6 30.1222794273308 87.20174722354946
0 7 31.16040813897004 65.55283460823476
0 8 38.92187418495935 42.0354616684104
0 9 25.558222247012395 43.09000301613886
1 0 53.3407833028766 34.82917010770039
1 2 16.029728052384108 4.429900447664292
1 3 40.63903121157602 6.250813091175589
1 4 77.98513740680993 18.864148043435858
1 5 62.40175375348075 7.406730346083112
1 6 88.35979485251289 69.99441191133884
1 7 50.44930776669908 15.22157988678975
1 8 84.04832265206834 66.65033792002868
1 9 94.86432535481141 46.93696551977895
2 0 34.34521498746579 92.23408594515351
2 1 90.54521663361821 4.984374764644651
2 3 45.048529715827954 59.07942840445829
2 4 15.116080088128713 57.67875293521717
2 5 78.81580483941589 67.9382167132399
2 6 11.95817247383718 15.879166457650074
2 7 40.19134203570712 44.407290717590385
2 8 1.9904803995801301 17.909193977633997
2 9 12.670702007876944 73.43558744868297
3 0 20.931705424710746 73.82645742719498
3 1 52.042858600801644 10.183793965019783
3 2 25.336911558378084 12.998253321665853
3 4 32.608599239186745 37.923895193795175
3 5 83.88764679893188 41.14496329829641
3 6 9.274895134044236 16.387007472354366
3 7 95.63931367202495 35.42569408811767
3 8 90.83179573607254 34.84943257830305
3 9 52.186309928862016 45.25986853075635
4 0 12.224767560488647 30.191324103402717
4 1 31.695754349435802 33.26275991621719
4 2 39.46513618759175 50.9582363313283
4 3 38.08653841705233 56.85059040850877
4 5 56.605894501786345 17.872962368973887
4 6 25.68115691796261 47.12130491785401
4 7 23.020637658425148 69.36861209055536
4 8 94.72177746282703 18.538503520397054
4 9 59.327568730366586 45.11171830032823
5 0 16.272271592089137 40.30285415940994
5 1 24.138669534922485 25.612403146508623
5 2 44.94788503182454 37.8653560047462
5 3 94.39222434058448 55.27655470248133
5 4 73.11180317820282 69.65546008917303
5 6 25.367771342039003 71.64110243818284
5 7 71.89886577864215 9.753927049989219
5 8 69.96997490090988 46.088448524931735
5 9 10.183766381976822 25.844757115034856
6 0 31.32629782708497 78.8236164489171
6 1 38.45324859394649 0.4659300800969768
6 2 16.550855263797004 9.005197740082204
6 3 12.495636608503402 70.22323951271036
6 4 47.7944411509703 13.03307899840136
6 5 9.304138011000196 74.62652151691374
6 7 87.46053471812924 9.685414794209525
6 8 16.44282362072238 96.88509440867522
6 9 93.95324880941122 71.66415347742351
7 0 77.75906090215105 86.68119666806872
7 1 28.31630163348039 17.594270532760213
7 2 27.7260673008619 99.82213139443665
7 3 13.46768365038562 96.85356827930903
7 4 76.17267173428056 46.01803042695566
7 5 28.3131570110287 30.25222746317253
7 6 85.78378650217746 21.836335710317055
7 8 44.01295738979491 38.69136298499015
7 9 35.53328579160754 1.021738394246241
8 0 49.28506917156826 25.6059198684249
8 1 66.92481928657467 48.23361641027181
8 2 25.42444264986674 98.50997137815651
8 3 1.370954210431674 26.415987354467152
8 4 92.70008099436932 14.216542639950413
8 5 75.34910362829137 28.81774788924224
8 6 96.27680259641802 74.13146506827559
8 7 6.974465328625367 37.4603918260443
8 9 8.033296042850635 84.74531906557847
9 0 70.2346769446639 60.373829131387765
9 1 15.503023149477135 90.70772921934189
9 2 19.033514558615593 19.2179984048647
9 3 41.18418861586278 13.149609887192849
9 4 42.50046491789102 87.16883077752209
9 5 88.69533719350684 49.36668952102943
9 6 1.4130990420730405 94.92524898632601
9 7 74.3180630969137 35.159628281559094
9 8 86.4433635757184 24.879653258579825
