50
35
0 1 0.406 0.695
0 2 0.348 0.494
0 3 0.442 0.106
0 4 0.338 0.675
0 5 0.108 0.782
0 6 0.149 0.64
0 7 0.442 0.444
0 8 0.496 0.463
0 9 0.11 0.455
0 10 0.257 0.672
0 11 0.255 0.437
0 12 0.378 0.757
0 13 0.105 0.768
0 14 0.416 0.45
0 15 0.211 0.566
0 16 0.495 0.756
0 17 0.26 0.725
0 18 0.202 0.719
0 19 0.488 0.428
0 20 0.372 0.43
0 21 0.383 0.437
0 22 0.552 0.156
0 23 0.425 0.737
0 24 0.293 0.7
0 25 0.235 0.574
0 26 0.533 0.358
0 27 0.242 0.434
0 28 0.12 0.677
0 29 0.317 0.486
0 30 0.127 0.496
0 31 0.537 0.319
0 32 0.298 0.767
0 33 0.267 0.499
0 34 0.419 0.669
0 35 0.277 0.661
0 36 0.128 0.505
0 37 0.412 0.729
0 38 0.43 0.766
0 39 0.499 0.481
0 40 0.108 0.79
0 41 0.417 0.774
0 42 0.42 0.494
0 43 0.457 0.681
0 44 0.497 0.422
0 45 0.497 0.456
0 46 0.303 0.616
0 47 0.429 0.623
0 48 0.429 0.462
0 49 0.368 0.489
1 2 0.154 0.67
1 3 0.273 0.771
1 4 0.276 0.628
1 5 0.456 0.754
1 6 0.462 0.512
1 7 0.326 0.722
1 8 0.286 0.461
1 9 0.244 0.451
1 10 0.205 0.465
1 11 0.298 0.565
1 12 0.109 0.742
1 13 0.472 0.103
1 14 0.252 0.47
1 15 0.498 0.484
1 16 0.106 0.779
1 17 0.349 0.562
1 18 0.383 0.782
1 19 0.198 0.623
1 20 0.343 0.502
1 21 0.463 0.621
1 22 0.307 0.694
1 23 0.437 0.478
1 24 0.487 0.589
1 25 0.193 0.401
1 26 0.434 0.454
1 27 0.369 0.423
1 28 0.481 0.676
1 29 0.14 0.4
1 30 0.135 0.434
1 31 0.473 0.418
1 32 0.446 0.413
1 33 0.469 0.139
1 34 0.16 0.564
1 35 0.672 0.403
1 36 0.333 0.522
1 37 0.285 0.5
1 38 0.153 0.422
1 39 0.413 0.572
1 40 0.122 0.626
1 41 0.191 0.605
1 42 0.403 0.719
1 43 0.454 0.451
1 44 0.284 0.733
1 45 0.255 0.738
1 46 0.226 0.486
1 47 0.171 0.505
1 48 0.373 0.611
1 49 0.217 0.555
2 3 0.22 0.581
2 4 0.316 0.774
2 5 0.127 0.43
2 6 0.737 0.313
2 7 0.648 0.15
2 8 0.191 0.686
2 9 0.203 0.661
2 10 0.33 0.492
2 11 0.212 0.568
2 12 0.199 0.422
2 13 0.236 0.581
2 14 0.342 0.426
2 15 0.157 0.71
2 16 0.378 0.468
2 17 0.413 0.641
2 18 0.428 0.453
2 19 0.152 0.747
2 20 0.233 0.622
2 21 0.427 0.605
2 22 0.413 0.64
2 23 0.289 0.506
2 24 0.273 0.721
2 25 0.329 0.427
2 26 0.149 0.584
2 27 0.491 0.65
2 28 0.38 0.631
2 29 0.304 0.648
2 30 0.432 0.529
2 31 0.28 0.494
2 32 0.434 0.402
2 33 0.352 0.626
2 34 0.171 0.751
2 35 0.425 0.596
2 36 0.342 0.498
2 37 0.545 0.49
2 38 0.429 0.549
2 39 0.165 0.665
2 40 0.209 0.755
2 41 0.257 0.515
2 42 0.365 0.79
2 43 0.224 0.451
2 44 0.242 0.612
2 45 0.169 0.552
2 46 0.794 0.17
2 47 0.233 0.619
2 48 0.112 0.527
2 49 0.491 0.538
3 4 0.135 0.547
3 5 0.399 0.551
3 6 0.468 0.507
3 7 0.487 0.615
3 8 0.348 0.674
3 9 0.242 0.441
3 10 0.194 0.435
3 11 0.483 0.613
3 12 0.37 0.714
3 13 0.345 0.589
3 14 0.229 0.59
3 15 0.237 0.569
3 16 0.156 0.543
3 17 0.377 0.782
3 18 0.202 0.487
3 19 0.424 0.623
3 20 0.13 0.739
3 21 0.109 0.686
3 22 0.43 0.464
3 23 0.366 0.561
3 24 0.399 0.435
3 25 0.22 0.524
3 26 0.664 0.184
3 27 0.301 0.697
3 28 0.159 0.421
3 29 0.133 0.744
3 30 0.385 0.68
3 31 0.636 0.32
3 32 0.13 0.423
3 33 0.198 0.598
3 34 0.253 0.527
3 35 0.321 0.578
3 36 0.181 0.608
3 37 0.45 0.461
3 38 0.199 0.762
3 39 0.248 0.452
3 40 0.464 0.671
3 41 0.153 0.455
3 42 0.383 0.741
3 43 0.431 0.488
3 44 0.302 0.527
3 45 0.461 0.564
3 46 0.207 0.646
3 47 0.245 0.783
3 48 0.257 0.54
3 49 0.149 0.672
4 5 0.326 0.772
4 6 0.114 0.458
4 7 0.17 0.451
4 8 0.195 0.734
4 9 0.223 0.48
4 10 0.736 0.391
4 11 0.628 0.143
4 12 0.425 0.525
4 13 0.357 0.75
4 14 0.796 0.378
4 15 0.441 0.631
4 16 0.155 0.685
4 17 0.199 0.485
4 18 0.194 0.598
4 19 0.136 0.571
4 20 0.413 0.452
4 21 0.209 0.494
4 22 0.294 0.681
4 23 0.14 0.664
4 24 0.347 0.675
4 25 0.498 0.517
4 26 0.288 0.619
4 27 0.376 0.533
4 28 0.428 0.413
4 29 0.183 0.76
4 30 0.269 0.446
4 31 0.477 0.711
4 32 0.439 0.458
4 33 0.434 0.609
4 34 0.363 0.444
4 35 0.144 0.463
4 36 0.211 0.609
4 37 0.247 0.405
4 38 0.171 0.553
4 39 0.472 0.407
4 40 0.379 0.72
4 41 0.568 0.464
4 42 0.371 0.74
4 43 0.209 0.617
4 44 0.423 0.425
4 45 0.141 0.679
4 46 0.353 0.549
4 47 0.139 0.741
4 48 0.278 0.42
4 49 0.431 0.712
5 6 0.194 0.714
5 7 0.255 0.692
5 8 0.451 0.652
5 9 0.438 0.493
5 10 0.216 0.567
5 11 0.275 0.498
5 12 0.475 0.403
5 13 0.132 0.672
5 14 0.203 0.536
5 15 0.4 0.607
5 16 0.21 0.762
5 17 0.43 0.46
5 18 0.128 0.596
5 19 0.385 0.696
5 20 0.475 0.448
5 21 0.417 0.681
5 22 0.362 0.411
5 23 0.101 0.766
5 24 0.424 0.778
5 25 0.345 0.651
5 26 0.465 0.665
5 27 0.398 0.642
5 28 0.377 0.507
5 29 0.298 0.404
5 30 0.404 0.572
5 31 0.207 0.521
5 32 0.483 0.731
5 33 0.445 0.653
5 34 0.463 0.348
5 35 0.361 0.599
5 36 0.342 0.617
5 37 0.497 0.473
5 38 0.426 0.6
5 39 0.268 0.432
5 40 0.18 0.63
5 41 0.298 0.624
5 42 0.434 0.417
5 43 0.748 0.248
5 44 0.299 0.739
5 45 0.378 0.669
5 46 0.229 0.783
5 47 0.671 0.496
5 48 0.482 0.594
5 49 0.278 0.541
6 7 0.548 0.295
6 8 0.123 0.675
6 9 0.134 0.749
6 10 0.356 0.511
6 11 0.416 0.463
6 12 0.29 0.694
6 13 0.133 0.525
6 14 0.248 0.654
6 15 0.206 0.486
6 16 0.121 0.592
6 17 0.358 0.733
6 18 0.398 0.59
6 19 0.486 0.426
6 20 0.329 0.576
6 21 0.37 0.739
6 22 0.378 0.405
6 23 0.106 0.559
6 24 0.2 0.788
6 25 0.297 0.453
6 26 0.487 0.419
6 27 0.284 0.728
6 28 0.243 0.773
6 29 0.258 0.765
6 30 0.397 0.637
6 31 0.337 0.592
6 32 0.23 0.554
6 33 0.338 0.614
6 34 0.243 0.492
6 35 0.234 0.569
6 36 0.455 0.759
6 37 0.774 0.18
6 38 0.298 0.717
6 39 0.341 0.707
6 40 0.405 0.664
6 41 0.248 0.756
6 42 0.408 0.724
6 43 0.16 0.423
6 44 0.195 0.65
6 45 0.358 0.622
6 46 0.705 0.164
6 47 0.216 0.726
6 48 0.19 0.798
6 49 0.299 0.689
7 8 0.265 0.421
7 9 0.154 0.793
7 10 0.327 0.756
7 11 0.113 0.468
7 12 0.13 0.433
7 13 0.155 0.543
7 14 0.186 0.765
7 15 0.126 0.597
7 16 0.259 0.694
7 17 0.162 0.637
7 18 0.443 0.665
7 19 0.371 0.41
7 20 0.468 0.692
7 21 0.188 0.773
7 22 0.276 0.57
7 23 0.448 0.614
7 24 0.483 0.797
7 25 0.102 0.724
7 26 0.299 0.421
7 27 0.295 0.718
7 28 0.396 0.731
7 29 0.375 0.636
7 30 0.273 0.715
7 31 0.321 0.768
7 32 0.4 0.464
7 33 0.101 0.537
7 34 0.12 0.489
7 35 0.293 0.594
7 36 0.316 0.458
7 37 0.644 0.125
7 38 0.364 0.71
7 39 0.132 0.513
7 40 0.423 0.402
7 41 0.136 0.796
7 42 0.212 0.793
7 43 0.132 0.468
7 44 0.301 0.74
7 45 0.237 0.449
7 46 0.709 0.273
7 47 0.174 0.648
7 48 0.157 0.526
7 49 0.139 0.786
8 9 0.342 0.67
8 10 0.242 0.772
8 11 0.343 0.673
8 12 0.278 0.588
8 13 0.441 0.645
8 14 0.183 0.665
8 15 0.447 0.335
8 16 0.705 0.332
8 17 0.235 0.457
8 18 0.345 0.593
8 19 0.255 0.8
8 20 0.421 0.779
8 21 0.106 0.671
8 22 0.439 0.481
8 23 0.329 0.729
8 24 0.449 0.454
8 25 0.222 0.57
8 26 0.14 0.697
8 27 0.119 0.621
8 28 0.65 0.258
8 29 0.152 0.548
8 30 0.132 0.438
8 31 0.169 0.443
8 32 0.364 0.69
8 33 0.448 0.7
8 34 0.233 0.575
8 35 0.232 0.758
8 36 0.218 0.582
8 37 0.231 0.608
8 38 0.289 0.502
8 39 0.307 0.493
8 40 0.453 0.723
8 41 0.168 0.453
8 42 0.141 0.658
8 43 0.442 0.52
8 44 0.315 0.583
8 45 0.238 0.715
8 46 0.135 0.436
8 47 0.23 0.529
8 48 0.566 0.156
8 49 0.306 0.476
9 10 0.239 0.739
9 11 0.26 0.693
9 12 0.476 0.546
9 13 0.288 0.553
9 14 0.468 0.645
9 15 0.241 0.684
9 16 0.148 0.722
9 17 0.382 0.592
9 18 0.778 0.238
9 19 0.207 0.52
9 20 0.482 0.506
9 21 0.385 0.476
9 22 0.214 0.618
9 23 0.5 0.528
9 24 0.456 0.34
9 25 0.293 0.47
9 26 0.159 0.648
9 27 0.177 0.513
9 28 0.434 0.736
9 29 0.273 0.593
9 30 0.485 0.748
9 31 0.487 0.487
9 32 0.46 0.782
9 33 0.243 0.402
9 34 0.232 0.599
9 35 0.436 0.636
9 36 0.164 0.733
9 37 0.46 0.638
9 38 0.396 0.612
9 39 0.115 0.548
9 40 0.252 0.614
9 41 0.19 0.602
9 42 0.626 0.49
9 43 0.19 0.507
9 44 0.413 0.454
9 45 0.77 0.178
9 46 0.414 0.778
9 47 0.132 0.466
9 48 0.459 0.593
9 49 0.144 0.717
10 11 0.564 0.362
10 12 0.164 0.745
10 13 0.471 0.772
10 14 0.59 0.382
10 15 0.437 0.471
10 16 0.402 0.788
10 17 0.262 0.645
10 18 0.454 0.638
10 19 0.379 0.598
10 20 0.206 0.725
10 21 0.396 0.497
10 22 0.194 0.534
10 23 0.43 0.657
10 24 0.435 0.787
10 25 0.16 0.441
10 26 0.489 0.437
10 27 0.117 0.72
10 28 0.144 0.765
10 29 0.131 0.535
10 30 0.334 0.513
10 31 0.161 0.452
10 32 0.412 0.715
10 33 0.224 0.487
10 34 0.288 0.432
10 35 0.412 0.566
10 36 0.486 0.568
10 37 0.481 0.729
10 38 0.409 0.575
10 39 0.322 0.734
10 40 0.197 0.448
10 41 0.477 0.128
10 42 0.285 0.513
10 43 0.263 0.403
10 44 0.46 0.753
10 45 0.303 0.667
10 46 0.368 0.61
10 47 0.185 0.738
10 48 0.252 0.769
10 49 0.31 0.437
11 12 0.287 0.454
11 13 0.127 0.416
11 14 0.414 0.268
11 15 0.211 0.58
11 16 0.29 0.684
11 17 0.377 0.738
11 18 0.417 0.591
11 19 0.485 0.54
11 20 0.305 0.798
11 21 0.147 0.757
11 22 0.394 0.521
11 23 0.103 0.457
11 24 0.202 0.671
11 25 0.328 0.543
11 26 0.133 0.705
11 27 0.276 0.56
11 28 0.233 0.77
11 29 0.457 0.716
11 30 0.103 0.705
11 31 0.245 0.652
11 32 0.482 0.483
11 33 0.444 0.541
11 34 0.222 0.648
11 35 0.319 0.432
11 36 0.441 0.598
11 37 0.409 0.589
11 38 0.233 0.57
11 39 0.103 0.705
11 40 0.317 0.457
11 41 0.637 0.247
11 42 0.159 0.761
11 43 0.203 0.755
11 44 0.176 0.649
11 45 0.374 0.445
11 46 0.203 0.769
11 47 0.374 0.702
11 48 0.429 0.614
11 49 0.401 0.654
12 13 0.161 0.53
12 14 0.498 0.464
12 15 0.418 0.715
12 16 0.407 0.602
12 17 0.227 0.655
12 18 0.427 0.583
12 19 0.185 0.659
12 20 0.209 0.585
12 21 0.699 0.267
12 22 0.407 0.584
12 23 0.229 0.764
12 24 0.44 0.713
12 25 0.344 0.577
12 26 0.47 0.533
12 27 0.482 0.432
12 28 0.23 0.436
12 29 0.33 0.496
12 30 0.399 0.569
12 31 0.435 0.562
12 32 0.664 0.272
12 33 0.459 0.703
12 34 0.47 0.432
12 35 0.366 0.748
12 36 0.373 0.499
12 37 0.304 0.406
12 38 0.5 0.34
12 39 0.17 0.572
12 40 0.471 0.592
12 41 0.433 0.462
12 42 0.207 0.502
12 43 0.144 0.563
12 44 0.597 0.449
12 45 0.47 0.705
12 46 0.13 0.485
12 47 0.244 0.779
12 48 0.366 0.409
12 49 0.35 0.573
13 14 0.261 0.755
13 15 0.248 0.445
13 16 0.166 0.676
13 17 0.258 0.789
13 18 0.382 0.606
13 19 0.414 0.538
13 20 0.368 0.679
13 21 0.181 0.711
13 22 0.117 0.487
13 23 0.419 0.494
13 24 0.456 0.68
13 25 0.159 0.566
13 26 0.11 0.717
13 27 0.457 0.432
13 28 0.18 0.411
13 29 0.128 0.521
13 30 0.199 0.403
13 31 0.29 0.518
13 32 0.228 0.763
13 33 0.66 0.138
13 34 0.497 0.444
13 35 0.44 0.408
13 36 0.32 0.623
13 37 0.454 0.729
13 38 0.489 0.545
13 39 0.193 0.778
13 40 0.42 0.444
13 41 0.466 0.73
13 42 0.296 0.726
13 43 0.358 0.434
13 44 0.418 0.614
13 45 0.331 0.738
13 46 0.209 0.616
13 47 0.104 0.516
13 48 0.406 0.798
13 49 0.124 0.752
14 15 0.365 0.693
14 16 0.142 0.689
14 17 0.266 0.71
14 18 0.449 0.581
14 19 0.376 0.694
14 20 0.171 0.655
14 21 0.458 0.449
14 22 0.159 0.675
14 23 0.192 0.525
14 24 0.192 0.603
14 25 0.159 0.596
14 26 0.382 0.646
14 27 0.37 0.431
14 28 0.119 0.721
14 29 0.177 0.727
14 30 0.391 0.591
14 31 0.207 0.771
14 32 0.499 0.42
14 33 0.484 0.783
14 34 0.466 0.503
14 35 0.337 0.565
14 36 0.14 0.566
14 37 0.395 0.428
14 38 0.457 0.563
14 39 0.253 0.634
14 40 0.463 0.487
14 41 0.533 0.243
14 42 0.496 0.588
14 43 0.309 0.799
14 44 0.112 0.562
14 45 0.265 0.59
14 46 0.395 0.668
14 47 0.194 0.697
14 48 0.138 0.69
14 49 0.394 0.652
15 16 0.552 0.479
15 17 0.394 0.445
15 18 0.351 0.521
15 19 0.403 0.459
15 20 0.422 0.658
15 21 0.448 0.475
15 22 0.224 0.696
15 23 0.167 0.446
15 24 0.365 0.786
15 25 0.424 0.562
15 26 0.159 0.544
15 27 0.246 0.452
15 28 0.774 0.176
15 29 0.445 0.59
15 30 0.171 0.554
15 31 0.475 0.705
15 32 0.151 0.526
15 33 0.467 0.604
15 34 0.174 0.747
15 35 0.255 0.583
15 36 0.491 0.648
15 37 0.377 0.44
15 38 0.406 0.537
15 39 0.496 0.576
15 40 0.453 0.707
15 41 0.33 0.63
15 42 0.29 0.727
15 43 0.221 0.605
15 44 0.259 0.737
15 45 0.332 0.481
15 46 0.115 0.703
15 47 0.396 0.404
15 48 0.449 0.199
15 49 0.477 0.517
16 17 0.333 0.689
16 18 0.403 0.683
16 19 0.131 0.678
16 20 0.476 0.6
16 21 0.109 0.436
16 22 0.255 0.716
16 23 0.387 0.711
16 24 0.382 0.637
16 25 0.322 0.633
16 26 0.437 0.564
16 27 0.425 0.452
16 28 0.759 0.164
16 29 0.18 0.56
16 30 0.253 0.655
16 31 0.498 0.729
16 32 0.192 0.415
16 33 0.365 0.583
16 34 0.265 0.776
16 35 0.218 0.781
16 36 0.31 0.401
16 37 0.498 0.565
16 38 0.335 0.559
16 39 0.277 0.472
16 40 0.492 0.501
16 41 0.489 0.605
16 42 0.203 0.414
16 43 0.153 0.439
16 44 0.464 0.583
16 45 0.211 0.75
16 46 0.323 0.538
16 47 0.402 0.671
16 48 0.485 0.181
16 49 0.225 0.45
17 18 0.168 0.405
17 19 0.615 0.232
17 20 0.102 0.603
17 21 0.458 0.577
17 22 0.246 0.457
17 23 0.213 0.484
17 24 0.125 0.554
17 25 0.239 0.44
17 26 0.368 0.612
17 27 0.424 0.618
17 28 0.285 0.41
17 29 0.278 0.619
17 30 0.638 0.261
17 31 0.431 0.666
17 32 0.483 0.645
17 33 0.186 0.581
17 34 0.376 0.456
17 35 0.315 0.58
17 36 0.361 0.602
17 37 0.234 0.422
17 38 0.275 0.663
17 39 0.711 0.422
17 40 0.308 0.614
17 41 0.227 0.403
17 42 0.392 0.715
17 43 0.295 0.535
17 44 0.199 0.729
17 45 0.337 0.537
17 46 0.362 0.408
17 47 0.236 0.423
17 48 0.147 0.459
17 49 0.57 0.306
18 19 0.319 0.727
18 20 0.23 0.424
18 21 0.224 0.693
18 22 0.107 0.764
18 23 0.43 0.451
18 24 0.672 0.236
18 25 0.46 0.492
18 26 0.177 0.446
18 27 0.426 0.503
18 28 0.35 0.557
18 29 0.144 0.739
18 30 0.282 0.614
18 31 0.343 0.653
18 32 0.141 0.421
18 33 0.333 0.751
18 34 0.404 0.692
18 35 0.451 0.708
18 36 0.238 0.415
18 37 0.237 0.695
18 38 0.456 0.657
18 39 0.197 0.734
18 40 0.183 0.763
18 41 0.355 0.47
18 42 0.458 0.365
18 43 0.241 0.577
18 44 0.205 0.414
18 45 0.626 0.327
18 46 0.137 0.568
18 47 0.483 0.457
18 48 0.332 0.718
18 49 0.311 0.763
19 20 0.321 0.441
19 21 0.207 0.433
19 22 0.203 0.71
19 23 0.314 0.749
19 24 0.224 0.489
19 25 0.127 0.534
19 26 0.301 0.445
19 27 0.393 0.777
19 28 0.193 0.783
19 29 0.457 0.634
19 30 0.602 0.273
19 31 0.495 0.668
19 32 0.199 0.478
19 33 0.261 0.563
19 34 0.354 0.712
19 35 0.112 0.6
19 36 0.227 0.512
19 37 0.456 0.655
19 38 0.254 0.699
19 39 0.71 0.475
19 40 0.165 0.684
19 41 0.27 0.464
19 42 0.143 0.47
19 43 0.481 0.619
19 44 0.417 0.567
19 45 0.184 0.447
19 46 0.16 0.58
19 47 0.3 0.626
19 48 0.491 0.773
19 49 0.557 0.176
20 21 0.254 0.714
20 22 0.425 0.72
20 23 0.192 0.516
20 24 0.107 0.745
20 25 0.233 0.669
20 26 0.11 0.627
20 27 0.237 0.492
20 28 0.126 0.43
20 29 0.449 0.503
20 30 0.388 0.663
20 31 0.269 0.702
20 32 0.294 0.42
20 33 0.413 0.454
20 34 0.789 0.155
20 35 0.155 0.654
20 36 0.205 0.416
20 37 0.276 0.643
20 38 0.315 0.405
20 39 0.302 0.741
20 40 0.17 0.426
20 41 0.167 0.422
20 42 0.273 0.693
20 43 0.665 0.42
20 44 0.463 0.589
20 45 0.286 0.482
20 46 0.471 0.436
20 47 0.588 0.207
20 48 0.251 0.745
20 49 0.19 0.507
21 22 0.315 0.771
21 23 0.152 0.764
21 24 0.471 0.512
21 25 0.228 0.596
21 26 0.162 0.669
21 27 0.215 0.771
21 28 0.378 0.455
21 29 0.152 0.425
21 30 0.418 0.757
21 31 0.445 0.615
21 32 0.739 0.219
21 33 0.38 0.424
21 34 0.249 0.66
21 35 0.367 0.578
21 36 0.182 0.643
21 37 0.385 0.657
21 38 0.482 0.48
21 39 0.108 0.442
21 40 0.182 0.531
21 41 0.306 0.655
21 42 0.419 0.576
21 43 0.496 0.42
21 44 0.674 0.241
21 45 0.166 0.678
21 46 0.45 0.763
21 47 0.232 0.489
21 48 0.295 0.739
21 49 0.283 0.745
22 23 0.388 0.409
22 24 0.368 0.709
22 25 0.44 0.429
22 26 0.695 0.364
22 27 0.32 0.491
22 28 0.224 0.591
22 29 0.495 0.516
22 30 0.214 0.722
22 31 0.503 0.309
22 32 0.384 0.587
22 33 0.455 0.686
22 34 0.287 0.678
22 35 0.33 0.522
22 36 0.307 0.582
22 37 0.253 0.506
22 38 0.203 0.732
22 39 0.478 0.792
22 40 0.393 0.77
22 41 0.261 0.687
22 42 0.428 0.721
22 43 0.218 0.464
22 44 0.126 0.768
22 45 0.465 0.663
22 46 0.254 0.477
22 47 0.394 0.584
22 48 0.205 0.638
22 49 0.219 0.513
23 24 0.196 0.609
23 25 0.26 0.752
23 26 0.269 0.66
23 27 0.44 0.725
23 28 0.149 0.453
23 29 0.423 0.791
23 30 0.276 0.579
23 31 0.295 0.732
23 32 0.316 0.729
23 33 0.576 0.463
23 34 0.402 0.548
23 35 0.52 0.441
23 36 0.269 0.48
23 37 0.244 0.406
23 38 0.17 0.502
23 39 0.242 0.781
23 40 0.227 0.433
23 41 0.457 0.744
23 42 0.41 0.454
23 43 0.205 0.492
23 44 0.388 0.673
23 45 0.195 0.63
23 46 0.21 0.705
23 47 0.165 0.729
23 48 0.237 0.413
23 49 0.151 0.537
24 25 0.418 0.743
24 26 0.246 0.599
24 27 0.256 0.483
24 28 0.168 0.657
24 29 0.34 0.446
24 30 0.196 0.554
24 31 0.379 0.532
24 32 0.255 0.601
24 33 0.375 0.537
24 34 0.245 0.722
24 35 0.392 0.564
24 36 0.402 0.758
24 37 0.457 0.712
24 38 0.123 0.406
24 39 0.358 0.591
24 40 0.293 0.596
24 41 0.234 0.728
24 42 0.594 0.212
24 43 0.115 0.743
24 44 0.393 0.699
24 45 0.698 0.2
24 46 0.216 0.565
24 47 0.271 0.746
24 48 0.293 0.714
24 49 0.123 0.438
25 26 0.264 0.506
25 27 0.431 0.366
25 28 0.389 0.793
25 29 0.435 0.39
25 30 0.403 0.675
25 31 0.149 0.42
25 32 0.334 0.481
25 33 0.412 0.448
25 34 0.146 0.445
25 35 0.264 0.613
25 36 0.465 0.29
25 37 0.217 0.685
25 38 0.173 0.669
25 39 0.378 0.516
25 40 0.684 0.494
25 41 0.305 0.795
25 42 0.125 0.483
25 43 0.379 0.464
25 44 0.291 0.622
25 45 0.435 0.62
25 46 0.46 0.652
25 47 0.402 0.726
25 48 0.308 0.479
25 49 0.128 0.765
26 27 0.106 0.665
26 28 0.339 0.507
26 29 0.436 0.736
26 30 0.323 0.538
26 31 0.547 0.322
26 32 0.187 0.497
26 33 0.462 0.497
26 34 0.177 0.624
26 35 0.133 0.48
26 36 0.112 0.467
26 37 0.11 0.74
26 38 0.368 0.675
26 39 0.203 0.523
26 40 0.263 0.747
26 41 0.188 0.743
26 42 0.185 0.532
26 43 0.176 0.619
26 44 0.372 0.741
26 45 0.332 0.575
26 46 0.374 0.613
26 47 0.436 0.504
26 48 0.426 0.6
26 49 0.481 0.446
27 28 0.211 0.557
27 29 0.519 0.272
27 30 0.268 0.725
27 31 0.383 0.452
27 32 0.204 0.555
27 33 0.435 0.534
27 34 0.375 0.568
27 35 0.372 0.545
27 36 0.732 0.246
27 37 0.16 0.705
27 38 0.303 0.413
27 39 0.386 0.63
27 40 0.759 0.263
27 41 0.361 0.508
27 42 0.325 0.403
27 43 0.491 0.505
27 44 0.154 0.727
27 45 0.15 0.747
27 46 0.42 0.426
27 47 0.171 0.639
27 48 0.345 0.71
27 49 0.202 0.77
28 29 0.454 0.758
28 30 0.267 0.658
28 31 0.302 0.738
28 32 0.27 0.461
28 33 0.471 0.51
28 34 0.313 0.596
28 35 0.16 0.687
28 36 0.288 0.504
28 37 0.227 0.695
28 38 0.11 0.74
28 39 0.124 0.776
28 40 0.115 0.669
28 41 0.288 0.721
28 42 0.393 0.436
28 43 0.333 0.638
28 44 0.488 0.648
28 45 0.474 0.515
28 46 0.18 0.534
28 47 0.432 0.554
28 48 0.477 0.217
28 49 0.103 0.737
29 30 0.215 0.518
29 31 0.251 0.623
29 32 0.166 0.769
29 33 0.219 0.772
29 34 0.29 0.676
29 35 0.396 0.78
29 36 0.659 0.326
29 37 0.317 0.51
29 38 0.392 0.592
29 39 0.251 0.412
29 40 0.723 0.213
29 41 0.282 0.736
29 42 0.379 0.576
29 43 0.211 0.658
29 44 0.208 0.587
29 45 0.337 0.43
29 46 0.269 0.424
29 47 0.251 0.501
29 48 0.397 0.591
29 49 0.467 0.579
30 31 0.151 0.76
30 32 0.428 0.564
30 33 0.378 0.677
30 34 0.247 0.485
30 35 0.499 0.487
30 36 0.209 0.412
30 37 0.14 0.558
30 38 0.27 0.446
30 39 0.456 0.265
30 40 0.239 0.704
30 41 0.418 0.516
30 42 0.353 0.53
30 43 0.15 0.627
30 44 0.367 0.663
30 45 0.221 0.401
30 46 0.224 0.675
30 47 0.497 0.76
30 48 0.39 0.515
30 49 0.721 0.382
31 32 0.172 0.465
31 33 0.253 0.75
31 34 0.443 0.795
31 35 0.452 0.556
31 36 0.265 0.665
31 37 0.2 0.72
31 38 0.412 0.478
31 39 0.461 0.584
31 40 0.1 0.676
31 41 0.382 0.663
31 42 0.289 0.63
31 43 0.342 0.719
31 44 0.372 0.623
31 45 0.354 0.492
31 46 0.454 0.706
31 47 0.193 0.632
31 48 0.42 0.434
31 49 0.18 0.466
32 33 0.369 0.733
32 34 0.413 0.439
32 35 0.224 0.503
32 36 0.43 0.593
32 37 0.311 0.717
32 38 0.525 0.261
32 39 0.355 0.58
32 40 0.362 0.629
32 41 0.169 0.727
32 42 0.368 0.639
32 43 0.407 0.464
32 44 0.662 0.476
32 45 0.328 0.675
32 46 0.486 0.725
32 47 0.434 0.673
32 48 0.283 0.67
32 49 0.421 0.493
33 34 0.164 0.541
33 35 0.414 0.358
33 36 0.272 0.73
33 37 0.286 0.738
33 38 0.437 0.764
33 39 0.236 0.658
33 40 0.169 0.507
33 41 0.364 0.403
33 42 0.111 0.768
33 43 0.372 0.578
33 44 0.147 0.653
33 45 0.267 0.663
33 46 0.224 0.715
33 47 0.496 0.48
33 48 0.277 0.457
33 49 0.373 0.451
34 35 0.403 0.632
34 36 0.225 0.631
34 37 0.132 0.755
34 38 0.217 0.485
34 39 0.362 0.733
34 40 0.297 0.737
34 41 0.268 0.432
34 42 0.145 0.566
34 43 0.569 0.342
34 44 0.213 0.754
34 45 0.169 0.751
34 46 0.226 0.632
34 47 0.589 0.405
34 48 0.258 0.679
34 49 0.432 0.505
35 36 0.349 0.449
35 37 0.136 0.53
35 38 0.176 0.566
35 39 0.275 0.773
35 40 0.354 0.793
35 41 0.452 0.504
35 42 0.313 0.756
35 43 0.253 0.425
35 44 0.159 0.771
35 45 0.111 0.466
35 46 0.329 0.601
35 47 0.212 0.71
35 48 0.358 0.581
35 49 0.154 0.495
36 37 0.258 0.421
36 38 0.44 0.719
36 39 0.4 0.694
36 40 0.745 0.138
36 41 0.236 0.536
36 42 0.134 0.783
36 43 0.235 0.768
36 44 0.128 0.593
36 45 0.236 0.49
36 46 0.193 0.432
36 47 0.293 0.756
36 48 0.122 0.403
36 49 0.108 0.548
37 38 0.428 0.635
37 39 0.435 0.429
37 40 0.311 0.468
37 41 0.294 0.49
37 42 0.406 0.656
37 43 0.256 0.8
37 44 0.11 0.75
37 45 0.298 0.533
37 46 0.436 0.322
37 47 0.175 0.63
37 48 0.406 0.44
37 49 0.376 0.683
38 39 0.228 0.462
38 40 0.402 0.763
38 41 0.283 0.589
38 42 0.228 0.482
38 43 0.451 0.657
38 44 0.792 0.219
38 45 0.447 0.482
38 46 0.157 0.654
38 47 0.136 0.551
38 48 0.135 0.403
38 49 0.305 0.702
39 40 0.462 0.755
39 41 0.173 0.783
39 42 0.24 0.792
39 43 0.389 0.466
39 44 0.337 0.704
39 45 0.229 0.6
39 46 0.432 0.48
39 47 0.231 0.793
39 48 0.392 0.558
39 49 0.781 0.158
40 41 0.198 0.511
40 42 0.436 0.511
40 43 0.432 0.458
40 44 0.219 0.567
40 45 0.42 0.576
40 46 0.302 0.786
40 47 0.181 0.434
40 48 0.312 0.53
40 49 0.46 0.798
41 42 0.279 0.627
41 43 0.216 0.712
41 44 0.351 0.735
41 45 0.489 0.525
41 46 0.107 0.672
41 47 0.382 0.579
41 48 0.296 0.499
41 49 0.286 0.624
42 43 0.418 0.492
42 44 0.151 0.696
42 45 0.553 0.295
42 46 0.124 0.631
42 47 0.18 0.405
42 48 0.37 0.562
42 49 0.279 0.753
43 44 0.427 0.709
43 45 0.277 0.603
43 46 0.18 0.589
43 47 0.726 0.254
43 48 0.351 0.759
43 49 0.115 0.418
44 45 0.233 0.685
44 46 0.418 0.695
44 47 0.267 0.581
44 48 0.276 0.475
44 49 0.278 0.473
45 46 0.244 0.697
45 47 0.155 0.69
45 48 0.479 0.474
45 49 0.237 0.502
46 47 0.114 0.48
46 48 0.157 0.535
46 49 0.461 0.684
47 48 0.466 0.476
47 49 0.358 0.635
48 49 0.353 0.729