20
68.733
0 1 57.991 16.411
0 2 89.213 47.381
0 3 85.583 59.319
0 4 57.461 40.272
0 5 44.062 69.671
0 6 50.673 89.42
0 7 91.34 18.098
0 8 71.023 41.029
0 9 13.002 7.449
0 10 32.873 71.836
0 11 72.905 21.187
0 12 70.531 70.684
0 13 78.095 55.649
0 14 93.227 63.486
0 15 69.015 41.048
0 16 11.619 93.08
0 17 15.118 37.615
0 18 50.689 0.598
0 19 3.885 4.704
1 0 39.305 9.907
1 2 44.237 79.977
1 3 77.71 5.365
1 4 82.196 10.347
1 5 48.843 18.39
1 6 64.991 68.162
1 7 82.478 14.218
1 8 23.898 4.938
1 9 67.064 46.732
1 10 16.615 97.242
1 11 51.064 58.694
1 12 92.708 30.2
1 13 87.606 81.731
1 14 64.571 47.219
1 15 3.022 15.823
1 16 11.684 85.021
1 17 68.102 11.981
1 18 38.121 96.091
1 19 2.409 67.848
2 0 5.777 7.738
2 1 43.796 59.602
2 3 13.378 35.106
2 4 26.705 72.564
2 5 58.299 45.368
2 6 26.927 77.484
2 7 78.197 54.78
2 8 72.802 43.512
2 9 51.588 78.911
2 10 26.626 19.096
2 11 49.601 16.998
2 12 9.125 23.659
2 13 37.038 62.931
2 14 34.228 43.711
2 15 64.767 89.888
2 16 77.605 27.675
2 17 85.648 68.027
2 18 15.313 81.023
2 19 36.399 58.748
3 0 21.734 57.155
3 1 29.365 37.329
3 2 22.525 10.376
3 4 2.657 12.255
3 5 10.493 52.769
3 6 41.389 43.476
3 7 29.442 42.121
3 8 36.998 16.246
3 9 55.158 22.843
3 10 92.65 54.201
3 11 63.997 47.138
3 12 56.26 99.028
3 13 66.905 90.466
3 14 52.283 2.589
3 15 37.745 98.28
3 16 81.438 22.707
3 17 97.696 6.643
3 18 55.364 28.563
3 19 16.566 40.822
4 0 55.392 91.12
4 1 57.43 74.97
4 2 37.633 31.183
4 3 12.575 53.155
4 5 46.134 93.205
4 6 13.636 1.325
4 7 81.25 11.847
4 8 0.519 68.474
4 9 45.983 94.124
4 10 93.09 43.777
4 11 88.841 9.568
4 12 0.009 81.741
4 13 44.784 45.163
4 14 27.164 94.278
4 15 36.223 59.356
4 16 93.49 28.163
4 17 17.739 40.74
4 18 90.087 26.339
4 19 30.326 0.883
5 0 90.813 32.356
5 1 94.007 88.114
5 2 81.047 67.051
5 3 22.688 67.65
5 4 55.256 33.714
5 6 97.066 45.689
5 7 75.838 47.993
5 8 41.351 91.913
5 9 14.619 40.278
5 10 21.613 98.605
5 11 29.24 0.12
5 12 48.814 58.939
5 13 66.332 12.625
5 14 10.869 80.674
5 15 99.844 92.107
5 16 94.164 79.427
5 17 99.502 21.391
5 18 62.869 13.571
5 19 11.572 26.271
6 0 24.95 94.183
6 1 19.334 34.57
6 2 11.907 23.061
6 3 55.098 55.644
6 4 78.964 93.611
6 5 0.916 62.087
6 7 21.352 18.696
6 8 49.475 51.795
6 9 23.99 72.432
6 10 89.082 89.221
6 11 69.534 23.127
6 12 91.708 87.984
6 13 17.613 96.939
6 14 0.815 78.738
6 15 68.043 78.08
6 16 6.945 16.043
6 17 89.662 34.914
6 18 11.988 5.03
6 19 90.912 33.188
7 0 77.75 71.811
7 1 46.192 66.463
7 2 13.298 38.597
7 3 91.434 58.768
7 4 36.823 92.289
7 5 44.007 53.966
7 6 10.448 82.263
7 8 44.719 34.859
7 9 94.925 89.347
7 10 57.057 61.274
7 11 66.261 83.593
7 12 47.493 97.698
7 13 82.067 55.582
7 14 33.297 58.478
7 15 73.713 82.683
7 16 64.386 20.565
7 17 50.584 6.902
7 18 9.249 88.1
7 19 93.312 69.167
8 0 16.614 58.365
8 1 26.169 55.121
8 2 19.973 83.468
8 3 38.967 41.634
8 4 21.438 24.814
8 5 95.272 22.394
8 6 27.457 52.261
8 7 4.549 55.436
8 9 82.282 12.082
8 10 12.208 34.154
8 11 2.985 28.695
8 12 61.811 87.569
8 13 66.794 23.256
8 14 87.625 97.937
8 15 59.648 16.758
8 16 16.094 24.573
8 17 27.206 67.98
8 18 97.287 0.501
8 19 30.836 54.284
9 0 87.474 24.282
9 1 98.549 47.718
9 2 59.954 57.734
9 3 38.484 14.149
9 4 25.959 95.253
9 5 10.477 15.846
9 6 14.949 6.121
9 7 99.034 76.464
9 8 63.812 97.081
9 10 17.758 32.874
9 11 80.233 72.988
9 12 53.405 82.12
9 13 7.586 13.311
9 14 71.799 48.079
9 15 97.981 66.714
9 16 4.078 26.927
9 17 85.986 7.378
9 18 10.244 27.621
9 19 71.649 18.6
10 0 29.367 27.336
10 1 3.018 85.107
10 2 36.59 83.479
10 3 9.265 74.078
10 4 7.209 68.092
10 5 54.589 57.361
10 6 93.42 64.217
10 7 75.181 96.221
10 8 69.843 77.954
10 9 8.805 95.094
10 11 4.755 91.763
10 12 24.096 83.663
10 13 80.755 78.631
10 14 57.083 27.804
10 15 83.239 69.191
10 16 11.4 60.211
10 17 47.813 33.964
10 18 80.811 79.721
10 19 26.138 41.229
11 0 49.898 28.444
11 1 27.737 11.992
11 2 14.27 52.304
11 3 91.457 50.689
11 4 39.193 91.668
11 5 59.477 84.079
11 6 40.477 86.336
11 7 5.654 45.245
11 8 43.616 21.894
11 9 64.91 5.351
11 10 23.242 27.293
11 12 54.892 26.401
11 13 95.248 15.08
11 14 78.834 37.418
11 15 10.761 87.09
11 16 5.859 39.998
11 17 58.817 97.256
11 18 65.31 84.044
11 19 94.65 1.687
12 0 90.091 45.725
12 1 25.284 27.879
12 2 45.989 5.209
12 3 29.345 86.224
12 4 55.41 25.708
12 5 59.399 19.302
12 6 65.003 7.465
12 7 78.636 92.397
12 8 5.265 0.381
12 9 72.444 1.356
12 10 6.038 50.078
12 11 10.515 58.125
12 13 85.56 77.583
12 14 84.846 99.86
12 15 28.46 55.472
12 16 24.274 23.004
12 17 92.479 58.309
12 18 46.391 0.202
12 19 93.647 69.519
13 0 53.347 53.781
13 1 6.106 60.697
13 2 26.395 16.43
13 3 20.321 30.994
13 4 76.049 49.156
13 5 41.112 11.98
13 6 47.848 17.308
13 7 83.459 78.959
13 8 47.195 13.456
13 9 79.663 13.195
13 10 76.056 75.176
13 11 77.969 37.514
13 12 52.528 1.105
13 14 80.669 7.61
13 15 0.684 77.476
13 16 89.158 49.747
13 17 44.281 45.297
13 18 77.475 34.137
13 19 6.685 48.59
14 0 63.011 96.762
14 1 21.189 37.526
14 2 39.207 51.016
14 3 16.497 63.765
14 4 27.2 65.264
14 5 50.044 95.46
14 6 68.748 87.244
14 7 97.298 25.249
14 8 22.881 92.494
14 9 81.31 97.351
14 10 60.825 79.606
14 11 9.244 16.36
14 12 12.833 15.764
14 13 65.589 15.533
14 15 49.912 31.35
14 16 64.532 23.305
14 17 88.372 25.106
14 18 33.422 96.195
14 19 8.709 79.93
15 0 98.343 28.875
15 1 56.584 16.984
15 2 59.621 26.859
15 3 50.086 84.516
15 4 18.197 25.217
15 5 33.497 77.635
15 6 69.567 42.993
15 7 89.011 83.707
15 8 85.754 71.693
15 9 6.302 29.337
15 10 2.227 88.43
15 11 4.92 22.147
15 12 8.282 95.827
15 13 72.434 37.573
15 14 67.457 49.02
15 16 66.774 78.002
15 17 59.808 62.122
15 18 74.646 24.054
15 19 55.402 52.774
16 0 39.484 59.681
16 1 65.346 86.656
16 2 0.238 9.705
16 3 41.719 79.964
16 4 69.981 87.227
16 5 80.283 74.377
16 6 69.056 54.714
16 7 73.128 24.064
16 8 62.457 8.736
16 9 44.632 11.877
16 10 46.872 56.681
16 11 87.07 34.966
16 12 70.183 67.527
16 13 34.396 69.308
16 14 48.985 45.909
16 15 59.345 60.836
16 17 72.615 54.802
16 18 19.511 27.964
16 19 14.064 66.518
17 0 46.171 17.212
17 1 5.755 90.408
17 2 97.623 31.759
17 3 33.62 46.561
17 4 49.551 44.397
17 5 77.75 21.807
17 6 80.092 25.441
17 7 29.162 27.052
17 8 94.753 48.149
17 9 42.914 14.721
17 10 67.487 31.436
17 11 49.475 1.48
17 12 32.438 90.361
17 13 84.796 59.686
17 14 95.356 89.6
17 15 79.67 80.404
17 16 34.075 5.985
17 18 50.429 71.355
17 19 76.21 74.966
18 0 51.486 85.928
18 1 8.329 19.299
18 2 59.874 79.778
18 3 68.175 82.335
18 4 51.206 43.758
18 5 92.369 91.327
18 6 98.371 88.212
18 7 85.736 76.925
18 8 15.456 82.946
18 9 15.615 12.404
18 10 39.727 30.148
18 11 16.955 14.837
18 12 95.385 19.105
18 13 40.083 4.052
18 14 75.862 54.775
18 15 5.943 90.111
18 16 30.175 94.837
18 17 71.024 76.742
18 19 24.787 18.21
19 0 95.318 84.627
19 1 54.47 1.598
19 2 99.099 57.805
19 3 91.377 19.26
19 4 71.795 28.883
19 5 32.278 46.131
19 6 43.431 51.677
19 7 50.525 26.363
19 8 67.877 77.512
19 9 87.247 17.068
19 10 35.355 72.971
19 11 6.195 98.836
19 12 75.768 61.412
19 13 10.975 5.51
19 14 39.219 25.082
19 15 16.657 25.574
19 16 72.654 97.053
19 17 45.771 40.193
19 18 17.222 7.528
