50
74.903
0 1 40.763 0.484
0 2 49.9 0.747
0 3 89.122 0.558
0 4 41.304 0.62
0 5 78.894 0.535
0 6 75.19 0.633
0 7 58.229 0.785
0 8 49.978 0.846
0 9 84.533 0.437
0 10 65.971 0.58
0 11 48.449 0.865
0 12 60.997 0.664
0 13 54.211 0.694
0 14 99.931 0.277
0 15 53.989 0.843
0 16 71.286 0.729
0 17 59.591 0.696
0 18 91.598 0.163
0 19 59.791 0.749
0 20 73.27 0.54
0 21 61.782 0.775
0 22 40.776 0.588
0 23 46.643 0.422
0 24 45.647 0.71
0 25 79.632 0.899
0 26 61.852 0.489
0 27 76.152 0.889
0 28 42.588 0.729
0 29 63.013 0.78
0 30 46.448 0.864
0 31 69.899 0.403
0 32 88.446 0.488
0 33 86.221 0.481
0 34 59.438 0.572
0 35 79.636 0.478
0 36 72.995 0.676
0 37 53.158 0.734
0 38 73.652 0.406
0 39 49.14 0.893
0 40 68.537 0.419
0 41 72.127 0.299
0 42 65.035 0.751
0 43 54.663 0.526
0 44 44.772 0.67
0 45 43.163 0.428
0 46 49.657 0.599
0 47 91.792 0.302
0 48 45.963 0.434
0 49 52.468 0.402
1 2 54.98 0.763
1 3 71.809 0.642
1 4 79.532 0.446
1 5 59.122 0.814
1 6 89.147 0.376
1 7 56.643 0.64
1 8 70.908 0.835
1 9 79.968 0.689
1 10 63.732 0.363
1 11 59.306 0.7
1 12 63.96 0.703
1 13 62.678 0.219
1 14 69.276 0.529
1 15 67.177 0.705
1 16 40.017 0.755
1 17 86.91 0.408
1 18 79.786 0.426
1 19 68.434 0.554
1 20 75.045 0.682
1 21 57.829 0.565
1 22 64.568 0.414
1 23 60.499 0.896
1 24 72.418 0.482
1 25 71.688 0.329
1 26 52.431 0.6
1 27 60.197 0.587
1 28 52.606 0.87
1 29 66.053 0.875
1 30 72.155 0.852
1 31 78.906 0.458
1 32 53.477 0.615
1 33 43.699 0.509
1 34 97.792 0.445
1 35 58.719 0.806
1 36 52.36 0.806
1 37 54.007 0.883
1 38 64.595 0.856
1 39 57.677 0.478
1 40 78.756 0.786
1 41 43.187 0.459
1 42 72.07 0.563
1 43 74.924 0.576
1 44 43.132 0.79
1 45 45.779 0.551
1 46 98.398 0.567
1 47 54.759 0.48
1 48 42.992 0.617
1 49 59.579 0.626
2 3 78.642 0.809
2 4 59.754 0.617
2 5 78.066 0.853
2 6 61.882 0.574
2 7 74.861 0.149
2 8 61.486 0.866
2 9 74.218 0.596
2 10 74.506 0.829
2 11 89.082 0.213
2 12 40.799 0.798
2 13 51.98 0.588
2 14 42.638 0.859
2 15 60.835 0.796
2 16 63.954 0.8
2 17 48.463 0.508
2 18 54.331 0.409
2 19 77.114 0.772
2 20 77.794 0.791
2 21 59.768 0.426
2 22 65.773 0.781
2 23 40.253 0.721
2 24 51.161 0.71
2 25 49.52 0.466
2 26 44.805 0.891
2 27 72.404 0.658
2 28 62.62 0.236
2 29 47.737 0.553
2 30 84.121 0.464
2 31 67.144 0.769
2 32 46.459 0.629
2 33 78.123 0.813
2 34 65.314 0.784
2 35 76.413 0.592
2 36 51.143 0.697
2 37 74.019 0.896
2 38 93.938 0.307
2 39 61.648 0.479
2 40 77.947 0.838
2 41 50.042 0.775
2 42 76.109 0.747
2 43 61.772 0.837
2 44 50.518 0.644
2 45 89.141 0.281
2 46 78.592 0.677
2 47 43.504 0.577
2 48 45.314 0.731
2 49 70.842 0.407
3 4 61.577 0.721
3 5 42.064 0.6
3 6 60.993 0.641
3 7 57.268 0.622
3 8 73.917 0.692
3 9 77.258 0.264
3 10 67.041 0.678
3 11 65.562 0.665
3 12 55.92 0.56
3 13 75.072 0.592
3 14 68.606 0.338
3 15 64.447 0.604
3 16 65.758 0.755
3 17 57.115 0.764
3 18 61.829 0.322
3 19 64.452 0.653
3 20 68.617 0.708
3 21 44.444 0.439
3 22 76.164 0.76
3 23 45.044 0.458
3 24 70.327 0.408
3 25 51.522 0.667
3 26 59.566 0.636
3 27 67.792 0.548
3 28 44.038 0.454
3 29 63.723 0.634
3 30 46.523 0.698
3 31 58.634 0.617
3 32 86.731 0.226
3 33 90.354 0.297
3 34 46.983 0.435
3 35 76.789 0.597
3 36 44.733 0.721
3 37 72.515 0.795
3 38 78.85 0.603
3 39 58.251 0.79
3 40 41.407 0.443
3 41 96.953 0.346
3 42 47.643 0.66
3 43 60.721 0.643
3 44 43.911 0.606
3 45 44.938 0.712
3 46 54.673 0.455
3 47 89.35 0.474
3 48 41.951 0.428
3 49 59.87 0.9
4 5 43.079 0.451
4 6 41.084 0.595
4 7 74.482 0.845
4 8 47.528 0.739
4 9 52.146 0.84
4 10 59.898 0.668
4 11 71.46 0.668
4 12 52.301 0.54
4 13 60.394 0.667
4 14 55.199 0.655
4 15 53.723 0.858
4 16 62.563 0.515
4 17 53.396 0.709
4 18 47.707 0.758
4 19 75.953 0.495
4 20 63.649 0.635
4 21 47.546 0.676
4 22 78.337 0.633
4 23 50.298 0.632
4 24 75.311 0.419
4 25 66.78 0.647
4 26 93.625 0.218
4 27 78.509 0.604
4 28 46.731 0.836
4 29 53.564 0.641
4 30 63.187 0.8
4 31 66.148 0.61
4 32 48.831 0.472
4 33 46.05 0.771
4 34 78.652 0.448
4 35 66.762 0.615
4 36 72.103 0.476
4 37 87.794 0.391
4 38 72.957 0.723
4 39 41.655 0.441
4 40 95.014 0.206
4 41 78.596 0.596
4 42 65.678 0.856
4 43 80.429 0.411
4 44 54.963 0.513
4 45 57.033 0.728
4 46 78.97 0.645
4 47 58.159 0.45
4 48 89.739 0.155
4 49 70.209 0.177
5 6 77.97 0.772
5 7 64.323 0.602
5 8 72.87 0.433
5 9 63.332 0.897
5 10 51.892 0.488
5 11 72.495 0.879
5 12 84.216 0.204
5 13 55.646 0.599
5 14 65.459 0.494
5 15 61.355 0.527
5 16 47.715 0.584
5 17 47.802 0.536
5 18 62.147 0.684
5 19 85.411 0.543
5 20 89.085 0.364
5 21 50.331 0.576
5 22 74.363 0.784
5 23 71.13 0.615
5 24 56.803 0.691
5 25 42.154 0.59
5 26 78.921 0.767
5 27 42.128 0.433
5 28 53.149 0.413
5 29 64.882 0.523
5 30 69.493 0.863
5 31 54.514 0.525
5 32 42.927 0.74
5 33 44.26 0.679
5 34 68.794 0.886
5 35 65.712 0.415
5 36 42.312 0.462
5 37 45.998 0.683
5 38 73.668 0.808
5 39 41.392 0.557
5 40 75.729 0.463
5 41 44.405 0.649
5 42 49.293 0.454
5 43 45.814 0.505
5 44 75.193 0.373
5 45 62.203 0.878
5 46 44.864 0.636
5 47 67.346 0.846
5 48 56.048 0.856
5 49 67.587 0.718
6 7 54.522 0.453
6 8 52.299 0.756
6 9 74.537 0.469
6 10 90.498 0.149
6 11 50.793 0.69
6 12 57.885 0.637
6 13 79.388 0.556
6 14 74.974 0.584
6 15 57.803 0.443
6 16 50.5 0.539
6 17 63.537 0.555
6 18 45.56 0.539
6 19 60.59 0.713
6 20 57.899 0.739
6 21 46.597 0.537
6 22 74.047 0.702
6 23 70.987 0.606
6 24 48.962 0.84
6 25 62.357 0.271
6 26 72.018 0.672
6 27 78.435 0.599
6 28 48.447 0.519
6 29 54.546 0.516
6 30 54.757 0.834
6 31 50.899 0.833
6 32 48.355 0.652
6 33 53.019 0.874
6 34 86.68 0.492
6 35 71.268 0.794
6 36 46.46 0.427
6 37 46.23 0.885
6 38 42.613 0.57
6 39 40.712 0.667
6 40 69.431 0.881
6 41 42.843 0.47
6 42 53.523 0.658
6 43 79.188 0.457
6 44 42.781 0.508
6 45 60.297 0.648
6 46 74.72 0.108
6 47 53.077 0.806
6 48 68.295 0.514
6 49 66.072 0.643
7 8 74.17 0.666
7 9 55.095 0.832
7 10 43.372 0.662
7 11 62.118 0.559
7 12 54.534 0.778
7 13 55.016 0.688
7 14 63.46 0.77
7 15 76.16 0.662
7 16 45.115 0.828
7 17 64.914 0.724
7 18 71.079 0.899
7 19 48.192 0.429
7 20 50.054 0.9
7 21 56.891 0.42
7 22 67.328 0.605
7 23 73.313 0.47
7 24 61.561 0.407
7 25 49.623 0.823
7 26 63.237 0.781
7 27 77.574 0.808
7 28 90.4 0.598
7 29 51.412 0.616
7 30 86.479 0.224
7 31 54.428 0.627
7 32 71.506 0.435
7 33 50.193 0.602
7 34 61.44 0.483
7 35 57.916 0.644
7 36 69.318 0.722
7 37 41.085 0.692
7 38 78.053 0.549
7 39 87.354 0.359
7 40 44.436 0.452
7 41 44.013 0.68
7 42 61.977 0.6
7 43 41.625 0.475
7 44 63.172 0.63
7 45 83.702 0.119
7 46 45.119 0.592
7 47 73.678 0.835
7 48 43.73 0.704
7 49 72.22 0.848
8 9 54.121 0.695
8 10 58.52 0.829
8 11 40.012 0.516
8 12 73.289 0.506
8 13 40.781 0.863
8 14 76.953 0.715
8 15 64.039 0.279
8 16 59.014 0.423
8 17 57.658 0.672
8 18 79.916 0.658
8 19 82.427 0.425
8 20 78.971 0.228
8 21 71.728 0.425
8 22 72.672 0.679
8 23 71.723 0.599
8 24 48.589 0.763
8 25 40.739 0.55
8 26 62.73 0.82
8 27 52.606 0.557
8 28 52.162 0.884
8 29 76.948 0.417
8 30 73.083 0.764
8 31 60.217 0.795
8 32 43.563 0.731
8 33 75.237 0.696
8 34 62.296 0.533
8 35 66.475 0.651
8 36 73.892 0.555
8 37 69.522 0.412
8 38 77.168 0.428
8 39 47.668 0.833
8 40 73.476 0.477
8 41 55.922 0.429
8 42 73.304 0.717
8 43 51.752 0.478
8 44 75.694 0.135
8 45 78.925 0.582
8 46 54.996 0.716
8 47 70.017 0.895
8 48 62.322 0.46
8 49 75.731 0.808
9 10 60.621 0.468
9 11 78.229 0.739
9 12 40.552 0.814
9 13 57.156 0.43
9 14 85.321 0.164
9 15 41.713 0.612
9 16 70.329 0.672
9 17 58.719 0.735
9 18 62.245 0.173
9 19 66.265 0.664
9 20 48.765 0.854
9 21 43.718 0.676
9 22 78.745 0.451
9 23 57.779 0.703
9 24 65.578 0.418
9 25 50.67 0.599
9 26 55.727 0.438
9 27 49.001 0.735
9 28 45.846 0.631
9 29 47.704 0.664
9 30 47.828 0.858
9 31 76.828 0.471
9 32 70.734 0.299
9 33 91.672 0.481
9 34 65.824 0.789
9 35 45.52 0.664
9 36 63.705 0.709
9 37 69.148 0.672
9 38 54.377 0.44
9 39 71.077 0.676
9 40 50.168 0.643
9 41 82.648 0.356
9 42 40.645 0.761
9 43 51.04 0.577
9 44 68.391 0.498
9 45 53.812 0.621
9 46 77.638 0.73
9 47 65.108 0.254
9 48 47.205 0.697
9 49 62.01 0.437
10 11 61.483 0.659
10 12 74.928 0.575
10 13 60.297 0.191
10 14 77.883 0.795
10 15 40.468 0.776
10 16 75.243 0.709
10 17 63.895 0.537
10 18 78.293 0.756
10 19 79.092 0.723
10 20 55.674 0.599
10 21 55.946 0.89
10 22 53.703 0.838
10 23 49.483 0.542
10 24 70.063 0.757
10 25 64.544 0.227
10 26 72.189 0.554
10 27 55.965 0.58
10 28 59.393 0.697
10 29 60.372 0.592
10 30 53.238 0.6
10 31 42.731 0.745
10 32 65.637 0.781
10 33 48.267 0.548
10 34 75.375 0.261
10 35 41.286 0.421
10 36 68.848 0.506
10 37 57.663 0.737
10 38 67.739 0.539
10 39 46.928 0.865
10 40 49.432 0.823
10 41 53.467 0.416
10 42 50.078 0.807
10 43 48.949 0.892
10 44 59.017 0.622
10 45 55.912 0.545
10 46 95.016 0.314
10 47 56.295 0.446
10 48 69.516 0.496
10 49 43.076 0.403
11 12 79.325 0.587
11 13 75.796 0.755
11 14 40.651 0.867
11 15 44.173 0.677
11 16 45.541 0.758
11 17 54.422 0.466
11 18 68.721 0.66
11 19 65.455 0.411
11 20 49.933 0.453
11 21 50.026 0.816
11 22 58.215 0.501
11 23 55.985 0.55
11 24 69.046 0.736
11 25 66.625 0.486
11 26 45.899 0.867
11 27 45.803 0.887
11 28 67.047 0.176
11 29 52.516 0.891
11 30 67.683 0.184
11 31 64.497 0.612
11 32 52.857 0.421
11 33 51.97 0.66
11 34 52.354 0.811
11 35 66.24 0.531
11 36 57.118 0.601
11 37 76.507 0.871
11 38 72.156 0.416
11 39 79.463 0.146
11 40 42.336 0.79
11 41 60.102 0.656
11 42 43.655 0.706
11 43 65.749 0.542
11 44 44.33 0.485
11 45 81.357 0.225
11 46 50.787 0.432
11 47 53.478 0.613
11 48 57.775 0.58
11 49 68.793 0.516
12 13 76.752 0.662
12 14 46.834 0.898
12 15 64.755 0.131
12 16 79.872 0.477
12 17 54.901 0.518
12 18 49.932 0.634
12 19 86.163 0.386
12 20 95.514 0.408
12 21 61.287 0.508
12 22 61.953 0.565
12 23 73.426 0.796
12 24 42.527 0.722
12 25 75.307 0.414
12 26 71.443 0.595
12 27 58.631 0.494
12 28 78.739 0.469
12 29 89.211 0.232
12 30 76.427 0.726
12 31 41.946 0.462
12 32 65.849 0.618
12 33 70.679 0.476
12 34 54.536 0.58
12 35 49.339 0.869
12 36 54.592 0.714
12 37 78.296 0.511
12 38 51.391 0.697
12 39 57.766 0.65
12 40 58.735 0.606
12 41 44.254 0.607
12 42 73.329 0.796
12 43 58.888 0.531
12 44 88.043 0.53
12 45 55.845 0.452
12 46 46.146 0.411
12 47 76.329 0.798
12 48 59.497 0.812
12 49 46.624 0.587
13 14 42.573 0.669
13 15 56.995 0.478
13 16 40.254 0.781
13 17 87.546 0.448
13 18 70.97 0.402
13 19 77.327 0.76
13 20 56.394 0.631
13 21 57.457 0.644
13 22 69.163 0.892
13 23 58.982 0.705
13 24 54.028 0.874
13 25 85.718 0.121
13 26 41.902 0.868
13 27 72.116 0.837
13 28 55.799 0.8
13 29 72.32 0.429
13 30 76.469 0.512
13 31 77.759 0.64
13 32 57.961 0.664
13 33 77.728 0.717
13 34 80.293 0.167
13 35 48.672 0.822
13 36 76.942 0.535
13 37 40.914 0.75
13 38 65.753 0.69
13 39 71.974 0.819
13 40 45.069 0.611
13 41 56.347 0.74
13 42 63.981 0.557
13 43 55.109 0.713
13 44 40.031 0.738
13 45 52.143 0.731
13 46 64.449 0.173
13 47 69.816 0.746
13 48 58.964 0.483
13 49 62.071 0.669
14 15 68.851 0.708
14 16 69.152 0.62
14 17 49.85 0.897
14 18 92.089 0.351
14 19 65.216 0.73
14 20 60.874 0.675
14 21 79.233 0.742
14 22 60.265 0.561
14 23 42.008 0.571
14 24 40.237 0.527
14 25 46.38 0.611
14 26 68.569 0.571
14 27 65.018 0.651
14 28 57.047 0.555
14 29 69.92 0.681
14 30 40.468 0.417
14 31 40.65 0.517
14 32 92.924 0.209
14 33 68.157 0.44
14 34 46.544 0.524
14 35 44.83 0.709
14 36 75.041 0.8
14 37 46.131 0.43
14 38 61.426 0.544
14 39 44.483 0.845
14 40 61.901 0.747
14 41 82.592 0.308
14 42 75.816 0.514
14 43 60.911 0.477
14 44 60.611 0.427
14 45 52.081 0.884
14 46 72.253 0.401
14 47 88.143 0.539
14 48 42.169 0.562
14 49 68.867 0.617
15 16 68.633 0.42
15 17 71.301 0.819
15 18 61.626 0.858
15 19 87.494 0.212
15 20 85.731 0.489
15 21 75.736 0.465
15 22 56.719 0.636
15 23 63.074 0.815
15 24 77.82 0.607
15 25 64.92 0.472
15 26 63.611 0.608
15 27 70.938 0.586
15 28 77.232 0.799
15 29 93.147 0.537
15 30 54.793 0.43
15 31 74.186 0.426
15 32 46.363 0.533
15 33 69.062 0.429
15 34 72.731 0.686
15 35 47.751 0.852
15 36 62.222 0.628
15 37 63.095 0.854
15 38 47.246 0.6
15 39 75.497 0.827
15 40 69.601 0.579
15 41 57.672 0.626
15 42 73.191 0.544
15 43 51.809 0.722
15 44 86.985 0.531
15 45 41.292 0.409
15 46 54.062 0.49
15 47 76.461 0.725
15 48 66.629 0.498
15 49 63.955 0.813
16 17 50.343 0.66
16 18 48.755 0.465
16 19 54.992 0.53
16 20 63.672 0.582
16 21 77.337 0.584
16 22 54.349 0.49
16 23 43.633 0.83
16 24 71.533 0.499
16 25 59.787 0.732
16 26 61.19 0.3
16 27 69.552 0.75
16 28 73.585 0.838
16 29 60.936 0.661
16 30 48.157 0.698
16 31 63.115 0.806
16 32 76.597 0.404
16 33 71.814 0.751
16 34 54.127 0.444
16 35 41.563 0.839
16 36 87.284 0.254
16 37 69.435 0.538
16 38 63.609 0.589
16 39 72.734 0.604
16 40 88.855 0.385
16 41 44.168 0.47
16 42 64.452 0.55
16 43 70.974 0.335
16 44 76.969 0.579
16 45 73.398 0.822
16 46 47.703 0.798
16 47 42.153 0.839
16 48 60.581 0.247
16 49 74.828 0.328
17 18 70.078 0.431
17 19 40.269 0.891
17 20 58.751 0.804
17 21 49.9 0.751
17 22 78.818 0.651
17 23 43.085 0.522
17 24 72.27 0.631
17 25 84.883 0.108
17 26 48.926 0.612
17 27 62.675 0.838
17 28 45.046 0.431
17 29 41.249 0.895
17 30 75.217 0.511
17 31 57.204 0.553
17 32 61.211 0.548
17 33 69.688 0.523
17 34 72.387 0.227
17 35 46.575 0.767
17 36 43.128 0.485
17 37 74.613 0.857
17 38 47.414 0.487
17 39 51.721 0.892
17 40 70.78 0.852
17 41 73.328 0.81
17 42 44.856 0.748
17 43 73.19 0.406
17 44 60.827 0.593
17 45 55.643 0.718
17 46 71.676 0.58
17 47 51.533 0.667
17 48 77.091 0.704
17 49 71.245 0.667
18 19 79.099 0.586
18 20 61.51 0.682
18 21 76.709 0.613
18 22 79.541 0.727
18 23 69.432 0.745
18 24 55.915 0.565
18 25 59.771 0.482
18 26 68.385 0.617
18 27 64.978 0.503
18 28 79.351 0.499
18 29 71.199 0.46
18 30 46.135 0.697
18 31 45.735 0.835
18 32 95.961 0.258
18 33 72.49 0.433
18 34 58.252 0.536
18 35 43.982 0.846
18 36 74.391 0.547
18 37 55.923 0.515
18 38 60.039 0.734
18 39 68.977 0.673
18 40 79.741 0.662
18 41 75.132 0.267
18 42 48.096 0.403
18 43 60.574 0.592
18 44 60.644 0.562
18 45 71.798 0.821
18 46 54.488 0.449
18 47 88.129 0.537
18 48 56.351 0.823
18 49 50.367 0.815
19 20 96.583 0.125
19 21 61.757 0.446
19 22 52.661 0.839
19 23 62.569 0.689
19 24 56.0 0.437
19 25 58.249 0.692
19 26 71.423 0.725
19 27 74.481 0.843
19 28 79.256 0.874
19 29 82.711 0.594
19 30 61.107 0.488
19 31 74.493 0.409
19 32 68.253 0.845
19 33 43.248 0.799
19 34 56.631 0.819
19 35 52.177 0.615
19 36 73.715 0.528
19 37 51.329 0.599
19 38 48.585 0.491
19 39 42.648 0.794
19 40 79.557 0.505
19 41 75.702 0.887
19 42 62.201 0.408
19 43 44.628 0.533
19 44 98.919 0.346
19 45 69.034 0.646
19 46 75.503 0.831
19 47 53.292 0.776
19 48 48.115 0.706
19 49 50.639 0.774
20 21 44.624 0.436
20 22 65.47 0.429
20 23 41.758 0.579
20 24 78.238 0.546
20 25 40.424 0.891
20 26 52.829 0.401
20 27 48.924 0.716
20 28 69.995 0.599
20 29 71.611 0.118
20 30 63.854 0.467
20 31 43.552 0.884
20 32 41.371 0.627
20 33 77.225 0.432
20 34 69.96 0.453
20 35 47.492 0.508
20 36 75.399 0.468
20 37 67.801 0.825
20 38 77.586 0.83
20 39 43.185 0.631
20 40 71.892 0.808
20 41 54.234 0.766
20 42 74.94 0.723
20 43 54.555 0.835
20 44 90.854 0.18
20 45 53.867 0.849
20 46 44.598 0.494
20 47 40.43 0.888
20 48 59.045 0.629
20 49 62.568 0.559
21 22 85.166 0.399
21 23 94.855 0.452
21 24 72.143 0.536
21 25 46.898 0.843
21 26 44.147 0.897
21 27 64.601 0.263
21 28 71.64 0.843
21 29 74.97 0.706
21 30 46.396 0.774
21 31 97.079 0.495
21 32 75.823 0.865
21 33 62.684 0.894
21 34 76.092 0.447
21 35 66.041 0.125
21 36 69.42 0.426
21 37 76.311 0.742
21 38 79.061 0.459
21 39 58.451 0.525
21 40 40.508 0.686
21 41 77.725 0.452
21 42 97.777 0.399
21 43 62.26 0.678
21 44 76.223 0.677
21 45 58.117 0.574
21 46 53.536 0.573
21 47 44.297 0.511
21 48 42.78 0.472
21 49 78.609 0.734
22 23 63.594 0.261
22 24 80.596 0.146
22 25 71.698 0.571
22 26 74.286 0.568
22 27 66.99 0.536
22 28 53.083 0.612
22 29 47.794 0.771
22 30 50.468 0.678
22 31 88.743 0.355
22 32 65.663 0.728
22 33 53.312 0.547
22 34 59.496 0.442
22 35 75.583 0.4
22 36 69.868 0.868
22 37 48.64 0.865
22 38 53.678 0.478
22 39 61.041 0.589
22 40 58.386 0.707
22 41 72.53 0.818
22 42 83.601 0.51
22 43 45.555 0.401
22 44 64.768 0.674
22 45 50.274 0.618
22 46 42.453 0.547
22 47 40.807 0.591
22 48 67.994 0.787
22 49 78.532 0.506
23 24 92.909 0.221
23 25 70.284 0.501
23 26 49.357 0.768
23 27 88.123 0.528
23 28 55.454 0.532
23 29 74.673 0.752
23 30 51.531 0.63
23 31 83.368 0.263
23 32 64.89 0.762
23 33 79.743 0.867
23 34 78.992 0.784
23 35 75.766 0.561
23 36 59.91 0.651
23 37 79.063 0.788
23 38 74.929 0.786
23 39 51.471 0.48
23 40 47.702 0.571
23 41 76.315 0.719
23 42 92.471 0.139
23 43 59.21 0.678
23 44 47.196 0.884
23 45 68.112 0.805
23 46 68.32 0.415
23 47 59.743 0.525
23 48 64.14 0.408
23 49 61.62 0.823
24 25 69.732 0.764
24 26 59.785 0.695
24 27 94.958 0.16
24 28 68.0 0.711
24 29 64.997 0.584
24 30 47.085 0.626
24 31 86.448 0.274
24 32 48.459 0.565
24 33 58.954 0.526
24 34 46.084 0.838
24 35 88.077 0.286
24 36 66.954 0.641
24 37 59.597 0.829
24 38 64.726 0.807
24 39 52.766 0.86
24 40 79.396 0.763
24 41 51.889 0.666
24 42 77.15 0.501
24 43 76.724 0.813
24 44 46.203 0.844
24 45 56.792 0.432
24 46 78.727 0.738
24 47 69.29 0.812
24 48 44.797 0.844
24 49 41.134 0.492
25 26 43.48 0.774
25 27 70.48 0.56
25 28 68.71 0.696
25 29 56.808 0.464
25 30 62.611 0.804
25 31 50.655 0.516
25 32 79.104 0.564
25 33 69.839 0.849
25 34 99.935 0.286
25 35 75.218 0.464
25 36 68.835 0.431
25 37 75.93 0.78
25 38 56.287 0.429
25 39 57.835 0.652
25 40 76.745 0.59
25 41 43.854 0.436
25 42 61.666 0.814
25 43 76.704 0.657
25 44 47.487 0.565
25 45 40.435 0.42
25 46 92.04 0.376
25 47 67.162 0.834
25 48 62.749 0.496
25 49 78.378 0.858
26 27 45.351 0.506
26 28 42.378 0.41
26 29 42.754 0.479
26 30 40.035 0.466
26 31 50.972 0.726
26 32 57.96 0.7
26 33 75.696 0.65
26 34 56.817 0.896
26 35 76.157 0.488
26 36 98.586 0.505
26 37 64.672 0.449
26 38 54.543 0.642
26 39 54.999 0.599
26 40 97.036 0.21
26 41 66.662 0.524
26 42 69.088 0.734
26 43 86.697 0.382
26 44 48.648 0.571
26 45 64.527 0.426
26 46 74.756 0.872
26 47 46.717 0.561
26 48 89.49 0.581
26 49 86.92 0.341
27 28 51.558 0.636
27 29 40.944 0.847
27 30 51.468 0.487
27 31 87.157 0.405
27 32 71.453 0.77
27 33 70.348 0.756
27 34 73.054 0.646
27 35 84.66 0.499
27 36 43.061 0.454
27 37 74.858 0.724
27 38 52.536 0.814
27 39 76.246 0.475
27 40 48.14 0.877
27 41 46.196 0.539
27 42 67.895 0.536
27 43 74.875 0.471
27 44 72.085 0.402
27 45 46.163 0.84
27 46 48.306 0.5
27 47 65.214 0.781
27 48 46.458 0.899
27 49 58.035 0.576
28 29 44.409 0.418
28 30 95.051 0.428
28 31 46.235 0.891
28 32 70.186 0.429
28 33 44.612 0.407
28 34 54.852 0.488
28 35 46.031 0.794
28 36 72.164 0.56
28 37 60.148 0.892
28 38 97.585 0.512
28 39 65.397 0.174
28 40 70.713 0.433
28 41 53.777 0.501
28 42 68.946 0.49
28 43 40.148 0.552
28 44 55.194 0.637
28 45 96.381 0.338
28 46 56.221 0.708
28 47 58.947 0.877
28 48 75.126 0.864
28 49 46.855 0.882
29 30 42.407 0.582
29 31 70.126 0.879
29 32 60.475 0.513
29 33 64.585 0.487
29 34 62.718 0.758
29 35 74.491 0.632
29 36 75.872 0.622
29 37 70.291 0.64
29 38 55.554 0.401
29 39 78.437 0.423
29 40 40.623 0.864
29 41 67.744 0.792
29 42 73.24 0.827
29 43 70.834 0.435
29 44 97.171 0.428
29 45 43.393 0.751
29 46 67.564 0.433
29 47 79.685 0.885
29 48 45.89 0.797
29 49 47.085 0.706
30 31 75.125 0.598
30 32 70.901 0.814
30 33 74.016 0.481
30 34 70.221 0.776
30 35 45.747 0.621
30 36 53.317 0.543
30 37 65.398 0.738
30 38 78.379 0.149
30 39 77.292 0.152
30 40 40.54 0.454
30 41 74.895 0.466
30 42 77.085 0.702
30 43 73.839 0.827
30 44 57.629 0.852
30 45 96.25 0.472
30 46 42.087 0.807
30 47 74.856 0.528
30 48 71.846 0.473
30 49 59.665 0.82
31 32 77.354 0.58
31 33 74.997 0.558
31 34 75.534 0.879
31 35 93.772 0.199
31 36 40.31 0.626
31 37 79.61 0.862
31 38 67.779 0.703
31 39 61.631 0.863
31 40 58.465 0.898
31 41 62.907 0.834
31 42 93.814 0.57
31 43 56.044 0.834
31 44 43.456 0.807
31 45 74.872 0.85
31 46 59.156 0.82
31 47 76.33 0.64
31 48 60.055 0.636
31 49 64.03 0.8
32 33 72.492 0.333
32 34 52.405 0.456
32 35 51.667 0.655
32 36 70.844 0.402
32 37 77.649 0.529
32 38 57.433 0.795
32 39 61.999 0.575
32 40 65.789 0.495
32 41 60.713 0.513
32 42 70.754 0.894
32 43 60.321 0.416
32 44 78.949 0.76
32 45 67.278 0.877
32 46 49.602 0.489
32 47 67.062 0.303
32 48 47.761 0.556
32 49 74.088 0.541
33 34 62.693 0.646
33 35 42.71 0.611
33 36 66.497 0.77
33 37 74.067 0.886
33 38 61.568 0.474
33 39 71.059 0.783
33 40 79.782 0.693
33 41 75.181 0.268
33 42 71.155 0.422
33 43 54.715 0.769
33 44 47.261 0.743
33 45 42.089 0.424
33 46 77.387 0.581
33 47 88.23 0.291
33 48 72.241 0.461
33 49 59.349 0.718
34 35 57.2 0.762
34 36 52.656 0.573
34 37 68.338 0.698
34 38 65.509 0.802
34 39 78.148 0.535
34 40 40.52 0.857
34 41 62.381 0.824
34 42 77.991 0.632
34 43 68.365 0.829
34 44 40.55 0.41
34 45 79.724 0.552
34 46 97.584 0.51
34 47 48.196 0.812
34 48 51.635 0.752
34 49 56.317 0.537
35 36 74.366 0.539
35 37 52.086 0.808
35 38 48.629 0.407
35 39 60.661 0.632
35 40 72.134 0.547
35 41 75.458 0.797
35 42 96.005 0.263
35 43 70.195 0.801
35 44 59.094 0.871
35 45 57.188 0.716
35 46 79.953 0.82
35 47 46.665 0.422
35 48 40.035 0.554
35 49 51.78 0.63
36 37 70.034 0.318
36 38 48.326 0.522
36 39 67.736 0.873
36 40 84.564 0.16
36 41 68.163 0.662
36 42 75.316 0.848
36 43 81.918 0.135
36 44 66.274 0.688
36 45 69.179 0.865
36 46 43.613 0.751
36 47 52.127 0.414
36 48 63.414 0.355
36 49 70.32 0.191
37 38 54.391 0.702
37 39 64.278 0.72
37 40 70.306 0.528
37 41 65.579 0.799
37 42 44.881 0.648
37 43 69.777 0.339
37 44 64.434 0.856
37 45 40.32 0.782
37 46 77.001 0.469
37 47 47.088 0.768
37 48 65.93 0.285
37 49 95.111 0.152
38 39 78.068 0.368
38 40 43.53 0.77
38 41 65.883 0.798
38 42 76.539 0.438
38 43 64.09 0.699
38 44 76.388 0.539
38 45 84.069 0.266
38 46 50.543 0.663
38 47 41.281 0.411
38 48 66.385 0.428
38 49 58.778 0.487
39 40 77.44 0.671
39 41 79.288 0.662
39 42 69.427 0.788
39 43 54.41 0.848
39 44 78.466 0.822
39 45 98.711 0.52
39 46 65.625 0.665
39 47 58.941 0.58
39 48 42.501 0.748
39 49 48.09 0.713
40 41 47.173 0.849
40 42 71.325 0.517
40 43 78.288 0.48
40 44 41.43 0.493
40 45 55.745 0.879
40 46 66.191 0.708
40 47 53.12 0.742
40 48 98.316 0.215
40 49 81.428 0.192
41 42 77.284 0.772
41 43 66.248 0.868
41 44 47.217 0.467
41 45 43.173 0.508
41 46 56.724 0.701
41 47 90.365 0.139
41 48 79.354 0.691
41 49 50.118 0.435
42 43 64.746 0.779
42 44 48.823 0.594
42 45 76.539 0.664
42 46 61.171 0.792
42 47 56.768 0.44
42 48 76.807 0.638
42 49 43.955 0.788
43 44 77.407 0.657
43 45 57.848 0.618
43 46 42.933 0.696
43 47 52.236 0.438
43 48 61.73 0.24
43 49 61.5 0.228
44 45 52.414 0.464
44 46 51.206 0.538
44 47 62.371 0.413
44 48 74.093 0.532
44 49 54.08 0.683
45 46 68.446 0.758
45 47 57.798 0.812
45 48 70.857 0.837
45 49 54.068 0.692
46 47 47.371 0.527
46 48 45.648 0.614
46 49 59.901 0.462
47 48 64.717 0.415
47 49 73.436 0.452
48 49 70.219 0.366